#YY  MM DD hh mm   DEPTH  OTMP   COND   SAL   O2% O2PPM  CLCON  TURB    PH    EH
#yr  mo dy hr mn       m  degC  mS/cm   psu     %   ppm   ug/l   FTU     -    mv
2020 01 01 20 25     3.0 10.80 999.00 30.60  47.7  4.30  62.20    99 99.00 99.00
2020 01 02 20 26     3.0 10.70 999.00 30.30  46.9  4.30  62.20    99 99.00 99.00
2020 01 03 20 26     3.0 10.20 999.00 28.30  62.2  5.80  62.20    99 99.00 99.00
2020 01 04 20 25     3.0 10.40 999.00 30.10  56.7  5.20  62.20    99 99.00 99.00
2020 01 05 20 24     3.0  9.90 999.00 27.40  61.3  5.80  62.20    99 99.00 99.00
2020 01 06 20 26     3.0 10.00 999.00 27.90  64.7  6.10  62.20    99 99.00 99.00
2020 01 07 20 26     3.0 10.20 999.00 27.30  62.7  5.90  62.20    99 99.00 99.00
2020 01 08 20 26     3.0 10.20 999.00 29.00  57.4  5.40  62.20    99 99.00 99.00
2020 01 28 20 10     2.0  7.90 999.00 15.20  88.6  9.50   2.10    99 99.00 99.00
2020 01 29 20 26     3.0  8.20 999.00 25.70  84.5  8.40   0.80    99 99.00 99.00
2020 01 30 20 25     3.0  8.20 999.00 20.30  83.6  8.60   1.50    99 99.00 99.00
2020 01 31 20 25     3.0  8.50 999.00 24.20  80.8  8.10   0.80    99 99.00 99.00
2020 02 01 20 25     3.0  9.30 999.00 27.30  70.6  6.80 999.00    99 99.00 99.00
2020 02 02 20 23     3.0  9.10 999.00 25.60  73.6  7.20   0.50    99 99.00 99.00
2020 02 03 20 25     3.0  8.60 999.00 25.60  83.7  8.30   1.30    99 99.00 99.00
2020 02 04 20 26     3.0  8.70 999.00 24.60  81.0  8.10   1.10    99 99.00 99.00
2020 02 05 20 25     3.0  8.90 999.00 27.10  80.6  7.80   1.30    99 99.00 99.00
2020 02 08 20 25     3.0  8.60 999.00 27.10  78.9  7.70   0.90    99 99.00 99.00
2020 02 09 20 24     3.0  8.60 999.00 21.60  85.6  8.70   1.00    99 99.00 99.00
2020 02 10 20 25     3.0  8.90 999.00 23.40  84.0  8.40   1.60    99 99.00 99.00
2020 02 11 20 25     3.0  8.80 999.00 24.10  84.9  8.40   1.80    99 99.00 99.00
2020 02 12 20 25     3.0  8.70 999.00 22.00  87.0  8.80   1.70    99 99.00 99.00
2020 02 13 20 23     3.0  8.40 999.00 22.10  88.2  9.00   1.20    99 99.00 99.00
2020 02 14 20 24     3.0  8.40 999.00 26.60  82.9  8.20   0.60    99 99.00 99.00
2020 02 15 20 25     3.0  8.30 999.00 24.70  85.4  8.60   1.20    99 99.00 99.00
2020 02 16 20 23     3.0  8.30 999.00 23.70  87.1  8.80   0.60    99 99.00 99.00
2020 02 17 20 23     3.0  8.30 999.00 24.60  87.0  8.70   0.80    99 99.00 99.00
2020 02 18 20 23     3.0  8.60 999.00 24.80  90.9  9.00   1.80    99 99.00 99.00
2020 02 19 20 23     3.0  7.80 999.00 24.50  92.2  9.30   0.80    99 99.00 99.00
2020 02 20 20 23     3.0  7.90 999.00 23.90  94.1  9.60   0.80    99 99.00 99.00
2020 02 23 20 23     3.0  8.40 999.00 23.90 102.0 10.30   5.20    99 99.00 99.00
2020 02 24 20 24     3.0  8.90 999.00 28.30  76.3  7.40   0.70    99 99.00 99.00
2020 02 25 19 43     3.0  8.50 999.00 26.30  98.8  9.80   6.50    99 99.00 99.00
2020 02 26 20 24     3.0  8.90 999.00 25.80 125.1 12.30  15.80    99 99.00 99.00
2020 02 27 20 23     3.0  9.00 999.00 26.30 140.6 13.70  21.00    99 99.00 99.00
2020 02 28 20 23     3.0  8.90 999.00 24.90 999.0 99.00  20.80    99 99.00 99.00
2020 02 29 20 24     3.0  8.60 999.00 27.90  85.1  8.30   2.30    99 99.00 99.00
2020 03 01 20 24     3.0  8.40 999.00 26.40 124.2 12.30  11.40    99 99.00 99.00
2020 03 02 20 24     3.0  8.50 999.00 26.90 110.4 10.80  11.10    99 99.00 99.00
2020 03 03 20 24     3.0  9.00 999.00 28.60  78.3  7.50   1.00    99 99.00 99.00
2020 03 04 20 23     3.0  9.00 999.00 28.80  74.1  7.10   0.70    99 99.00 99.00
2020 03 05 20 24     3.0  9.00 999.00 27.20 102.0  9.90   4.20    99 99.00 99.00
2020 03 06 20 24     3.0  9.00 999.00 28.20 100.1  9.60   6.80    99 99.00 99.00
2020 03 07 20 23     3.0  8.90 999.00 26.70 118.0 11.50   4.10    99 99.00 99.00
2020 03 08 18 24     3.0  9.00 999.00 27.10 131.0 12.70   8.90    99 99.00 99.00
2020 03 09 19 24     3.0  8.90 999.00 27.00 142.7 13.90  12.70    99 99.00 99.00
2020 03 10 07 25     3.0  8.80 999.00 26.60 148.2 14.50   7.30    99 99.00 99.00
2020 03 10 19 25     3.0  8.50 999.00 25.00 135.0 13.40   5.70    99 99.00 99.00
2020 03 11 07 25     3.0  9.00 999.00 27.90 114.8 11.10   9.40    99 99.00 99.00
2020 03 11 19 25     3.0  8.90 999.00 28.40  92.8  8.90   5.40    99 99.00 99.00
2020 03 12 07 25     3.0  9.40 999.00 26.70 125.2 12.10   7.10    99 99.00 99.00
2020 03 12 19 24     3.0  9.30 999.00 27.00 125.1 12.10   8.60    99 99.00 99.00
2020 03 13 07 23     3.0  9.30 999.00 26.80 134.5 13.00   9.30    99 99.00 99.00
2020 03 13 19 25     3.0  9.20 999.00 27.30 142.3 13.70  10.70    99 99.00 99.00
2020 03 14 07 25     3.0  9.10 999.00 27.20 143.8 13.90  10.50    99 99.00 99.00
2020 03 14 19 26     3.0  8.60 999.00 27.60 122.7 12.00  12.40    99 99.00 99.00
2020 03 15 07 26     3.0  8.20 999.00 26.30 121.5 12.10   8.50    99 99.00 99.00
2020 03 15 19 23     3.0  7.90 999.00 26.60 117.4 11.70   4.80    99 99.00 99.00
2020 03 16 07 25     3.0  8.20 999.00 26.60 123.0 12.20 999.00    99 99.00 99.00
2020 03 16 19 23     3.0  8.50 999.00 26.30 128.4 12.70   3.20    99 99.00 99.00
2020 03 17 07 25     3.0  8.80 999.00 26.70 131.8 12.90   9.10    99 99.00 99.00
2020 03 17 19 24     3.0  8.80 999.00 26.50 131.0 12.80 999.00    99 99.00 99.00
2020 03 18 07 25     3.0  8.90 999.00 26.40 133.8 13.10 999.00    99 99.00 99.00
2020 03 18 19 23     3.0  8.90 999.00 27.10 130.0 12.60   0.90    99 99.00 99.00
2020 03 19 07 25     3.0  9.00 999.00 27.00 132.6 12.90 999.00    99 99.00 99.00
2020 03 19 19 23     3.0  9.00 999.00 27.40 119.7 11.60   0.60    99 99.00 99.00
2020 03 20 07 25     3.0  9.60 999.00 26.60 127.0 12.20   1.00    99 99.00 99.00
2020 03 20 19 24     3.0  9.60 999.00 27.00 122.5 11.80 999.00    99 99.00 99.00
2020 03 21 07 25     3.0  9.50 999.00 27.00 115.6 11.10   1.30    99 99.00 99.00
2020 03 21 19 25     3.0  9.70 999.00 26.70 117.6 11.30   1.00    99 99.00 99.00
2020 03 22 07 25     3.0  9.70 999.00 27.30 116.9 11.20   2.00    99 99.00 99.00
2020 03 22 19 24     3.0  9.90 999.00 27.30 119.1 11.30   1.10    99 99.00 99.00
2020 03 23 07 25     3.0  9.30 999.00 28.50  87.2  8.30   3.30    99 99.00 99.00
2020 03 23 19 24     3.0  9.20 999.00 28.80  75.4  7.20   2.30    99 99.00 99.00
2020 03 24 07 25     3.0  9.40 999.00 28.90  76.1  7.20   4.10    99 99.00 99.00
2020 03 24 19 25     3.0  9.40 999.00 28.90  76.7  7.30   6.00    99 99.00 99.00
2020 03 25 07 25     3.0  9.50 999.00 28.70  82.2  7.80  10.70    99 99.00 99.00
2020 03 27 07 26     3.0  9.30 999.00 28.80  94.1  9.00   2.40    99 99.00 99.00
2020 03 27 19 25     3.0  9.30 999.00 28.80  91.4  8.70   1.80    99 99.00 99.00
2020 03 28 07 25     3.0  9.40 999.00 28.40  95.0  9.10   1.40    99 99.00 99.00
2020 03 29 07 26     3.0  9.10 999.00 29.20  75.0  7.20   4.30    99 99.00 99.00
2020 03 29 19 24     3.0  9.30 999.00 28.80  75.7  7.20 999.00    99 99.00 99.00
2020 03 30 07 25     3.0  9.30 999.00 29.40  72.5  6.90   4.60    99 99.00 99.00
2020 03 30 20 45     3.0  9.10 999.00 29.30  70.2  6.70   1.50    99 99.00 99.00
2020 04 01 20 49     3.0  9.30 999.00 28.70  68.9  6.60   2.80    99 99.00 99.00
2020 04 02 07 25     3.0  9.40 999.00 28.20  90.6  8.70 999.00    99 99.00 99.00
2020 04 02 19 24     3.0  9.30 999.00 26.80  99.7  9.60 999.00    99 99.00 99.00
2020 04 03 07 25     3.0  9.60 999.00 28.60  94.0  8.90 999.00    99 99.00 99.00
2020 04 03 19 25     3.0  9.40 999.00 28.50  98.5  9.40 999.00    99 99.00 99.00
2020 04 04 07 25     3.0  9.40 999.00 28.80  93.6  8.90 999.00    99 99.00 99.00
2020 04 04 19 24     3.0  9.10 999.00 28.40 109.2 10.50   9.90    99 99.00 99.00
2020 04 05 07 26     3.0  9.70 999.00 28.20 130.7 12.40  16.40    99 99.00 99.00
2020 04 05 19 25     3.0  9.30 999.00 28.00 125.5 12.00  15.60    99 99.00 99.00
2020 04 06 07 26     3.0  9.60 999.00 28.10 131.1 12.50 999.00    99 99.00 99.00
2020 04 06 19 24     3.0  9.90 999.00 27.00 147.0 14.00 999.00    99 99.00 99.00
2020 04 07 07 26     3.0 10.30 999.00 27.30 999.0 99.00 999.00    99 99.00 99.00
2020 04 07 19 25     3.0 10.30 999.00 26.90 999.0 99.00 999.00    99 99.00 99.00
2020 04 08 07 26     3.0 10.50 999.00 25.90 149.3 14.10 999.00    99 99.00 99.00
2020 04 08 19 24     3.0 10.60 999.00 26.60 154.1 14.50 999.00    99 99.00 99.00
2020 04 09 07 25     3.0 10.70 999.00 27.00 160.1 15.00 999.00    99 99.00 99.00
2020 04 09 19 24     3.0 10.80 999.00 26.10 141.6 13.30 999.00    99 99.00 99.00
2020 04 10 07 25     3.0 11.30 999.00 26.40 149.8 13.90 999.00    99 99.00 99.00
2020 04 10 19 24     3.0 11.20 999.00 26.00 141.8 13.20 999.00    99 99.00 99.00
2020 04 11 07 25     3.0 10.90 999.00 27.10 147.2 13.70 999.00    99 99.00 99.00
2020 04 12 07 25     3.0 11.50 999.00 26.30 136.0 12.60 999.00    99 99.00 99.00
2020 04 12 19 24     3.0 11.30 999.00 26.70 135.3 12.50 999.00    99 99.00 99.00
2020 04 13 07 25     3.0 11.40 999.00 27.20 133.8 12.30 999.00    99 99.00 99.00
2020 04 13 19 24     3.0 10.60 999.00 26.90 125.6 11.80 999.00    99 99.00 99.00
2020 04 14 07 25     3.0 11.10 999.00 27.20 133.1 12.30   0.80    99 99.00 99.00
2020 04 14 19 24     3.0 11.90 999.00 26.60 134.2 12.30 999.00    99 99.00 99.00
2020 04 15 07 25     3.0 11.70 999.00 26.60 130.3 12.00 999.00    99 99.00 99.00
2020 04 15 19 23     3.0 11.20 999.00 27.40 136.1 12.60 999.00    99 99.00 99.00
2020 04 16 07 25     3.0 11.70 999.00 26.80 128.3 11.80   0.70    99 99.00 99.00
2020 04 16 19 24     3.0 11.90 999.00 26.80 127.8 11.70 999.00    99 99.00 99.00
2020 04 17 07 25     3.0 11.70 999.00 26.80 125.3 11.50   0.90    99 99.00 99.00
2020 04 17 19 24     3.0 12.00 999.00 26.50 121.0 11.00 999.00    99 99.00 99.00
2020 04 18 07 26     3.0 12.30 999.00 26.10 120.2 10.90 999.00    99 99.00 99.00
2020 04 19 07 26     3.0 12.10 999.00 26.70 126.5 11.50 999.00    99 99.00 99.00
2020 04 24 19 46     3.0 12.00 999.00 27.10  59.6  5.40   0.90    99 99.00 99.00
2020 05 05 19 36     3.0 10.00 999.00 29.20  24.7  2.30   5.90    99 99.00 99.00
2020 05 06 01 30     3.0  9.70 999.00 29.70  22.8  2.10  12.50    99 99.00 99.00
2020 05 06 07 31     3.0 10.70 999.00 28.40  26.9  2.50  11.10    99 99.00 99.00
2020 05 06 13 31     3.0 10.50 999.00 28.50  42.2  3.90  10.20    99 99.00 99.00
2020 05 06 19 29     3.0 10.40 999.00 28.70  26.1  2.40   5.70    99 99.00 99.00
2020 05 07 01 30     3.0  9.90 999.00 29.50  26.0  2.40   1.30    99 99.00 99.00
2020 05 07 07 30     3.0 10.10 999.00 29.40  23.1  2.20   7.00    99 99.00 99.00
2020 05 07 13 31     3.0 10.40 999.00 28.80  23.6  2.20  10.10    99 99.00 99.00
2020 05 08 01 30     3.0 10.60 999.00 28.90  38.1  3.50  20.90    99 99.00 99.00
2020 05 08 07 30     3.0 11.30 999.00 28.60  42.6  3.90  18.90    99 99.00 99.00
2020 05 08 13 31     3.0 11.20 999.00 28.40  47.8  4.40  19.90    99 99.00 99.00
2020 05 09 01 30     3.0 11.80 999.00 28.20  26.3  2.40  23.20    99 99.00 99.00
2020 05 09 07 30     3.0 10.40 999.00 29.60  22.5  2.10  19.20    99 99.00 99.00
2020 05 10 01 29     3.0 10.60 999.00 29.40  22.0  2.00  17.00    99 99.00 99.00
2020 05 10 07 30     3.0 11.60 999.00 28.60  16.9  1.50  15.10    99 99.00 99.00
2020 05 10 13 30     3.0 11.00 999.00 29.10  19.5  1.80  13.80    99 99.00 99.00
2020 05 10 19 28     3.0 11.80 999.00 28.40  29.1  2.60   5.60    99 99.00 99.00
2020 05 11 01 29     3.0 11.50 999.00 28.70  19.5  1.80   9.30    99 99.00 99.00
2020 05 11 07 30     3.0 11.40 999.00 28.80  21.0  1.90  11.60    99 99.00 99.00
2020 05 11 13 30     3.0  9.80 999.00 30.00  21.1  2.00   5.50    99 99.00 99.00
2020 05 11 19 28     3.0 10.70 999.00 29.10  17.7  1.60   2.50    99 99.00 99.00
2020 05 12 01 30     3.0 13.40 999.00 26.50  24.8  2.20   6.70    99 99.00 99.00
2020 05 12 13 51     3.0 10.20 999.00 29.50  24.4  2.30   7.00    99 99.00 99.00
2020 05 12 19 29     3.0 10.10 999.00 29.50  22.3  2.10   5.90    99 99.00 99.00
2020 05 13 07 30     3.0 10.90 999.00 28.50  25.1  2.30  12.40    99 99.00 99.00
2020 05 13 19 23     3.0 10.50 999.00 28.80  26.0  2.40  12.90    99 99.00 99.00
2020 05 14 07 30     3.0 10.20 999.00 29.00  24.4  2.30  17.60    99 99.00 99.00
2020 05 14 19 28     3.0  9.80 999.00 29.40  27.6  2.60   7.20    99 99.00 99.00
2020 05 15 01 29     3.0  9.60 999.00 29.60  28.5  2.70  12.50    99 99.00 99.00
2020 05 15 07 30     3.0 10.00 999.00 29.30  32.4  3.00  17.20    99 99.00 99.00
2020 05 15 13 30     3.0 10.00 999.00 29.50  36.2  3.40  10.70    99 99.00 99.00
2020 05 15 19 28     3.0  9.70 999.00 29.70  33.1  3.10   2.20    99 99.00 99.00
2020 05 16 01 29     3.0  9.80 999.00 29.70  32.4  3.00   2.70    99 99.00 99.00
2020 05 16 07 30     3.0 10.20 999.00 29.40  35.8  3.30   5.00    99 99.00 99.00
2020 05 16 13 30     3.0 10.10 999.00 29.50  17.6  1.60   8.40    99 99.00 99.00
2020 05 17 01 30     3.0 10.00 999.00 29.50  29.3  2.70  12.30    99 99.00 99.00
2020 05 17 07 30     3.0 10.30 999.00 29.30  22.4  2.10   7.20    99 99.00 99.00
2020 05 17 19 46     3.0 10.60 999.00 29.20  25.1  2.30   3.10    99 99.00 99.00
2020 05 18 01 29     3.0  9.90 999.00 29.50  29.4  2.70   8.40    99 99.00 99.00
2020 05 18 07 30     3.0 10.40 999.00 29.20  20.4  1.90   6.50    99 99.00 99.00
2020 05 18 13 30     3.0  9.90 999.00 29.60  27.0  2.50   5.50    99 99.00 99.00
2020 05 18 19 28     3.0 10.10 999.00 29.60  28.6  2.70   2.60    99 99.00 99.00
2020 05 19 01 29     3.0  9.90 999.00 29.60  29.6  2.80   2.80    99 99.00 99.00
2020 05 19 07 30     3.0 10.90 999.00 28.90  23.9  2.20   3.90    99 99.00 99.00
2020 05 19 13 30     3.0  9.70 999.00 29.70  27.4  2.60   4.60    99 99.00 99.00
2020 05 19 19 28     3.0 10.30 999.00 29.40  21.1  2.00   1.30    99 99.00 99.00
2020 05 20 07 30     3.0  9.70 999.00 29.80  20.5  1.90   2.90    99 99.00 99.00
2020 05 20 19 29     3.0  9.90 999.00 29.60  19.4  1.80   2.00    99 99.00 99.00
2020 05 21 07 30     3.0 11.20 999.00 28.50  24.3  2.20   2.50    99 99.00 99.00
2020 05 21 13 30     3.0 11.00 999.00 28.70  16.3  1.50   2.30    99 99.00 99.00
2020 05 22 01 29     3.0 12.80 999.00 27.40  36.7  3.30   1.70    99 99.00 99.00
2020 05 22 07 30     3.0 10.60 999.00 29.30  24.1  2.20   1.40    99 99.00 99.00
2020 05 22 13 30     3.0 10.40 999.00 29.40  23.3  2.20   1.60    99 99.00 99.00
2020 05 23 07 30     3.0 11.60 999.00 28.40  22.2  2.00   1.40    99 99.00 99.00
2020 05 23 13 30     3.0 10.30 999.00 29.40  25.6  2.40   1.30    99 99.00 99.00
2020 05 24 13 30     3.0 10.00 999.00 29.60  25.2  2.30   1.70    99 99.00 99.00
2020 05 25 01 29     3.0 10.80 999.00 28.90  24.5  2.30   1.80    99 99.00 99.00
2020 05 25 07 30     3.0 10.10 999.00 29.50  20.4  1.90   2.00    99 99.00 99.00
2020 05 25 13 30     3.0 10.10 999.00 29.60  22.1  2.10   1.60    99 99.00 99.00
2020 05 26 07 30     3.0 10.90 999.00 28.90  22.5  2.10   2.00    99 99.00 99.00
2020 05 26 13 30     3.0 10.50 999.00 29.30  27.8  2.60   1.70    99 99.00 99.00
2020 05 27 01 29     3.0  9.90 999.00 29.80  31.9  3.00   1.40    99 99.00 99.00
2020 05 27 07 25     3.0  9.90 999.00 29.80  23.9  2.20   1.70    99 99.00 99.00
2020 05 27 19 28     3.0 11.80 999.00 28.00  33.6  3.00   0.60    99 99.00 99.00
2020 05 28 01 25     3.0 10.10 999.00 29.70  30.6  2.90   0.80    99 99.00 99.00
2020 05 28 20 08     3.0 10.00 999.00 30.10  24.2  2.30   0.50    99 99.00 99.00
2020 06 03 18 46     3.0 12.90 999.00 27.60  42.0  3.70   1.70    99 99.00 99.00
2020 06 04 01 18     3.0 10.10 999.00 29.70  37.0  3.40   1.30    99 99.00 99.00
2020 06 04 13 22     3.0 10.70 999.00 29.40  29.4  2.70   1.10    99 99.00 99.00
2020 06 04 19 18     3.0 11.50 999.00 28.60  35.7  3.20   1.10    99 99.00 99.00
2020 06 05 01 35     3.0 10.30 999.00 29.50  27.7  2.60   1.00    99 99.00 99.00
2020 06 05 07 22     3.0 10.80 999.00 29.10  29.8  2.70   1.60    99 99.00 99.00
2020 06 05 13 22     3.0 10.80 999.00 29.20  29.2  2.70   1.10    99 99.00 99.00
2020 06 05 19 21     3.0 10.80 999.00 29.30  35.8  3.30   1.20    99 99.00 99.00
2020 06 06 01 22     3.0 11.50 999.00 28.70  39.2  3.60   1.30    99 99.00 99.00
2020 06 06 07 22     3.0 10.70 999.00 29.50  31.1  2.90   1.20    99 99.00 99.00
2020 06 06 13 22     3.0 10.40 999.00 29.60  28.3  2.60   1.00    99 99.00 99.00
2020 06 06 19 21     3.0 11.00 999.00 29.10  44.3  4.10   0.50    99 99.00 99.00
2020 06 07 01 22     3.0 10.70 999.00 29.50  39.5  3.60   1.60    99 99.00 99.00
2020 06 07 07 22     3.0 10.40 999.00 29.60  32.6  3.00   1.90    99 99.00 99.00
2020 06 07 19 35     3.0 10.50 999.00 29.40  23.7  2.20   1.60    99 99.00 99.00
2020 06 08 01 22     3.0 10.90 999.00 29.40  34.1  3.10   1.00    99 99.00 99.00
2020 06 08 07 22     3.0 11.20 999.00 29.20  29.9  2.70   2.10    99 99.00 99.00
2020 06 08 13 22     3.0 10.60 999.00 29.50  32.8  3.00   1.60    99 99.00 99.00
2020 06 08 19 21     3.0 11.30 999.00 28.90  45.0  4.10 999.00    99 99.00 99.00
2020 06 09 01 22     3.0 11.50 999.00 28.80  40.2  3.70   1.90    99 99.00 99.00
2020 06 09 07 22     3.0 11.00 999.00 29.20  32.1  2.90  11.10    99 99.00 99.00
2020 06 09 13 22     3.0 10.30 999.00 29.70  33.0  3.10   4.30    99 99.00 99.00
2020 06 09 19 22     3.0 10.50 999.00 29.60  31.5  2.90   2.90    99 99.00 99.00
2020 06 10 01 22     3.0 11.00 999.00 29.40  42.7  3.90   3.70    99 99.00 99.00
2020 06 10 07 18     3.0 12.20 999.00 28.10  33.7  3.00   7.40    99 99.00 99.00
2020 06 10 13 35     3.0 11.70 999.00 28.30  23.7  2.10   9.40    99 99.00 99.00
2020 06 10 19 22     3.0 11.20 999.00 29.20  32.8  3.00   3.40    99 99.00 99.00
2020 06 11 01 22     3.0 10.50 999.00 29.60  33.7  3.10   2.70    99 99.00 99.00
2020 06 11 07 22     3.0 11.50 999.00 29.10  35.9  3.30   9.60    99 99.00 99.00
2020 06 11 13 22     3.0 11.70 999.00 28.80  28.9  2.60   6.80    99 99.00 99.00
2020 06 11 19 21     3.0 11.60 999.00 28.80  33.9  3.10   2.20    99 99.00 99.00
2020 06 12 01 22     3.0 11.10 999.00 29.40  33.0  3.00   4.20    99 99.00 99.00
2020 06 12 07 22     3.0 10.80 999.00 29.60  29.5  2.70   5.40    99 99.00 99.00
2020 06 12 13 22     3.0 12.00 999.00 28.60  36.9  3.30   3.40    99 99.00 99.00
2020 06 12 19 22     3.0 11.50 999.00 29.10  38.1  3.50   3.20    99 99.00 99.00
2020 06 13 01 22     3.0 11.00 999.00 29.50  36.8  3.40   2.90    99 99.00 99.00
2020 06 13 07 22     3.0 11.40 999.00 29.20  36.8  3.30   4.30    99 99.00 99.00
2020 06 13 13 22     3.0 11.90 999.00 28.90  33.5  3.00   4.50    99 99.00 99.00
2020 06 13 19 21     3.0 13.10 999.00 27.60  42.0  3.70   1.00    99 99.00 99.00
2020 06 14 07 22     3.0 11.00 999.00 29.30  31.4  2.90   3.60    99 99.00 99.00
2020 06 14 13 22     3.0 11.30 999.00 29.20  28.3  2.60   2.80    99 99.00 99.00
2020 06 14 19 22     3.0 12.10 999.00 28.40  37.1  3.30   1.90    99 99.00 99.00
2020 06 15 01 22     3.0 11.40 999.00 28.90  32.9  3.00   2.50    99 99.00 99.00
2020 06 15 07 22     3.0 12.50 999.00 28.00  31.0  2.80   3.30    99 99.00 99.00
2020 06 15 13 22     3.0 11.20 999.00 29.20  30.0  2.70   3.50    99 99.00 99.00
2020 06 15 19 21     3.0 11.80 999.00 28.50  20.4  1.80   1.40    99 99.00 99.00
2020 06 16 01 22     3.0 10.30 999.00 29.60  27.6  2.60   1.70    99 99.00 99.00
2020 06 16 07 22     3.0 10.30 999.00 29.70  28.4  2.60   5.10    99 99.00 99.00
2020 06 16 13 22     3.0 10.20 999.00 29.70  21.2  2.00   7.20    99 99.00 99.00
2020 06 17 01 22     3.0 10.50 999.00 29.70  26.4  2.40   3.00    99 99.00 99.00
2020 06 17 13 22     3.0 12.00 999.00 28.60  29.9  2.70   3.20    99 99.00 99.00
2020 06 17 19 21     3.0 11.50 999.00 29.00  31.7  2.90   1.20    99 99.00 99.00
2020 06 18 01 22     3.0 11.30 999.00 29.20  29.7  2.70   2.10    99 99.00 99.00
2020 06 18 07 22     3.0 11.50 999.00 28.90  29.0  2.60   2.90    99 99.00 99.00
2020 06 18 13 22     3.0 11.20 999.00 29.10  28.8  2.60   2.50    99 99.00 99.00
2020 06 18 19 17     3.0 13.40 999.00 27.40  35.8  3.20   1.40    99 99.00 99.00
2020 06 19 01 34     3.0 12.50 999.00 28.00  23.4  2.10   1.10    99 99.00 99.00
2020 06 19 07 22     3.0 11.60 999.00 29.00  25.3  2.30   1.70    99 99.00 99.00
2020 06 19 13 22     3.0 11.70 999.00 28.80  26.3  2.40   1.10    99 99.00 99.00
2020 06 19 19 21     3.0 10.80 999.00 29.50  23.1  2.10   0.50    99 99.00 99.00
2020 06 20 01 22     3.0 13.00 999.00 27.90  26.5  2.40   1.10    99 99.00 99.00
2020 06 20 07 22     3.0 10.60 999.00 29.60  26.7  2.50   1.20    99 99.00 99.00
2020 06 20 13 22     3.0 11.50 999.00 28.90  29.6  2.70   1.20    99 99.00 99.00
2020 06 20 19 21     3.0 13.90 999.00 27.10  33.4  2.90   0.90    99 99.00 99.00
2020 06 21 01 22     3.0 12.90 999.00 27.80  31.3  2.80   1.00    99 99.00 99.00
2020 06 21 07 22     3.0 15.30 999.00 26.40  31.7  2.70   2.40    99 99.00 99.00
2020 06 21 19 21     3.0 12.80 999.00 27.70  33.5  3.00   1.80    99 99.00 99.00
2020 06 22 07 22     3.0 11.90 999.00 29.00  43.1  3.90   4.90    99 99.00 99.00
2020 06 22 13 22     3.0 12.10 999.00 28.70  29.2  2.60   4.30    99 99.00 99.00
2020 06 22 19 21     3.0 11.80 999.00 29.00  28.2  2.50   1.30    99 99.00 99.00
2020 06 23 01 22     3.0 12.40 999.00 28.40  34.1  3.00   2.50    99 99.00 99.00
2020 06 23 07 22     3.0 12.90 999.00 28.30  24.4  2.20   3.70    99 99.00 99.00
2020 06 23 13 22     3.0 14.00 999.00 27.40  36.1  3.10   3.50    99 99.00 99.00
2020 06 23 19 21     3.0 11.90 999.00 28.80  22.7  2.00   1.40    99 99.00 99.00
2020 06 24 01 18     3.0 12.90 999.00 27.90  29.2  2.60   1.60    99 99.00 99.00
2020 06 24 07 35     3.0 12.00 999.00 28.60  25.4  2.30   3.60    99 99.00 99.00
2020 06 24 13 22     3.0 11.50 999.00 29.10  23.8  2.20   2.50    99 99.00 99.00
2020 06 24 19 21     3.0 14.50 999.00 27.00  35.7  3.10   1.10    99 99.00 99.00
2020 06 25 01 22     3.0 12.50 999.00 28.40  32.2  2.90   2.30    99 99.00 99.00
2020 06 25 07 22     3.0 11.00 999.00 29.50  24.9  2.30   2.70    99 99.00 99.00
2020 06 25 13 22     3.0 12.10 999.00 28.80  31.5  2.80   2.80    99 99.00 99.00
2020 06 25 19 21     3.0 11.50 999.00 29.40  23.5  2.10   1.00    99 99.00 99.00
2020 06 26 01 22     3.0 12.20 999.00 28.80  34.9  3.10   1.90    99 99.00 99.00
2020 06 26 07 22     3.0 12.50 999.00 28.50  26.4  2.40   2.80    99 99.00 99.00
2020 06 27 01 22     3.0 13.00 999.00 28.30  37.2  3.30   2.60    99 99.00 99.00
2020 06 27 07 22     3.0 12.00 999.00 28.80  29.8  2.70   2.80    99 99.00 99.00
2020 06 27 13 22     3.0 11.60 999.00 29.30  33.0  3.00   2.40    99 99.00 99.00
2020 06 27 19 21     3.0 12.20 999.00 28.90  23.6  2.10   2.10    99 99.00 99.00
2020 06 28 01 22     3.0 18.70 999.00 25.50  41.3  3.30   2.50    99 99.00 99.00
2020 06 28 07 22     3.0 11.00 999.00 29.60  23.2  2.10   2.90    99 99.00 99.00
2020 06 28 13 22     3.0 12.00 999.00 29.00  23.4  2.10   2.60    99 99.00 99.00
2020 06 28 19 21     3.0 12.00 999.00 28.90  20.1  1.80   1.30    99 99.00 99.00
2020 06 29 01 22     3.0 12.60 999.00 28.60  25.6  2.30   1.70    99 99.00 99.00
2020 06 29 07 22     3.0 12.10 999.00 28.80  25.0  2.20   2.50    99 99.00 99.00
2020 06 29 13 23     3.0 11.40 999.00 29.40  18.3  1.70   2.40    99 99.00 99.00
2020 06 29 19 21     3.0 13.00 999.00 28.10  32.7  2.90   1.10    99 99.00 99.00
2020 06 30 07 22     3.0 10.80 999.00 29.60  28.5  2.60   3.70    99 99.00 99.00
2020 06 30 13 23     3.0 10.80 999.00 29.60  31.1  2.90   3.40    99 99.00 99.00
2020 06 30 19 22     3.0 11.70 999.00 29.10  35.3  3.20   2.00    99 99.00 99.00
2020 07 01 01 22     3.0 12.70 999.00 28.50  38.6  3.40   7.80    99 99.00 99.00
2020 07 01 07 22     3.0 14.90 999.00 26.80  45.8  3.90   2.90    99 99.00 99.00
2020 07 01 13 23     3.0 11.90 999.00 29.10  28.7  2.60   2.10    99 99.00 99.00
2020 07 02 01 22     3.0 11.70 999.00 29.20  36.8  3.30   2.40    99 99.00 99.00
2020 07 02 07 22     3.0 11.30 999.00 29.20  30.3  2.80   5.70    99 99.00 99.00
2020 07 02 13 19     3.0 11.40 999.00 29.20  24.9  2.30   7.50    99 99.00 99.00
2020 07 02 19 34     3.0 12.70 999.00 28.20  25.3  2.20   3.70    99 99.00 99.00
2020 07 03 01 22     3.0 10.60 999.00 29.70  33.8  3.10  10.20    99 99.00 99.00
2020 07 03 07 22     3.0 10.50 999.00 29.70  23.0  2.10   9.80    99 99.00 99.00
2020 07 03 13 23     3.0 10.30 999.00 29.80  21.8  2.00  11.00    99 99.00 99.00
2020 07 03 19 21     3.0 11.50 999.00 29.10  34.7  3.10   2.70    99 99.00 99.00
2020 07 04 01 18     3.0 11.30 999.00 29.40  34.7  3.20   9.40    99 99.00 99.00
2020 07 04 07 35     3.0 12.00 999.00 28.60  24.9  2.20   9.40    99 99.00 99.00
2020 07 04 13 23     3.0 12.10 999.00 28.70  29.1  2.60   7.50    99 99.00 99.00
2020 07 04 19 22     3.0 12.80 999.00 28.20  32.1  2.80   5.10    99 99.00 99.00
2020 07 05 07 19    21.0 10.50 999.00 29.70  21.2  2.00 999.00    99 99.00 99.00
2020 07 06 07 22     3.0 11.70 999.00 29.10  25.4  2.30   2.10    99 99.00 99.00
2020 07 06 13 23     3.0 11.70 999.00 29.10  24.2  2.20   2.00    99 99.00 99.00
2020 07 06 19 21     3.0 11.20 999.00 29.50  27.5  2.50   1.10    99 99.00 99.00
2020 07 07 01 22     3.0 11.90 999.00 29.00  35.2  3.20   1.60    99 99.00 99.00
2020 07 07 07 22     3.0 10.90 999.00 29.60  29.3  2.70   2.60    99 99.00 99.00
2020 07 07 13 23     3.0 11.20 999.00 29.40  24.9  2.30   2.70    99 99.00 99.00
2020 07 07 19 21     3.0 12.00 999.00 29.10  36.4  3.30   1.20    99 99.00 99.00
2020 07 08 01 22     3.0 14.80 999.00 27.00  41.7  3.60   2.30    99 99.00 99.00
2020 07 08 07 22     3.0 12.90 999.00 28.60  30.6  2.70   1.80    99 99.00 99.00
2020 07 08 13 23     3.0 13.30 999.00 28.30  31.1  2.70   1.70    99 99.00 99.00
2020 07 08 19 21     3.0 12.90 999.00 28.40  22.3  2.00   0.80    99 99.00 99.00
2020 07 09 01 22     3.0 11.90 999.00 29.00  22.8  2.00   1.50    99 99.00 99.00
2020 07 09 07 22     3.0 11.40 999.00 29.30  22.0  2.00   1.30    99 99.00 99.00
2020 07 09 13 23     3.0 13.70 999.00 27.80  25.2  2.20   1.60    99 99.00 99.00
2020 07 09 19 21     3.0 13.30 999.00 28.00  31.4  2.80   1.00    99 99.00 99.00
2020 07 10 01 22     3.0 13.50 999.00 28.10  37.3  3.30   1.50    99 99.00 99.00
2020 07 10 07 22     3.0 11.40 999.00 29.30  25.0  2.30   1.50    99 99.00 99.00
2020 07 10 13 23     3.0 12.40 999.00 28.80  23.5  2.10   1.40    99 99.00 99.00
2020 07 10 19 22     3.0 15.00 999.00 27.00  30.9  2.60   1.00    99 99.00 99.00
2020 07 11 01 22     3.0 13.20 999.00 28.10  24.6  2.20   1.20    99 99.00 99.00
2020 07 11 07 23     3.0 12.00 999.00 28.90  27.9  2.50   2.70    99 99.00 99.00
2020 07 11 13 23     3.0 13.40 999.00 28.00  25.3  2.20   1.30    99 99.00 99.00
2020 07 11 19 22     3.0 11.20 999.00 29.60  34.1  3.10   1.00    99 99.00 99.00
2020 07 12 01 22     3.0 11.60 999.00 29.30  36.2  3.30   2.00    99 99.00 99.00
2020 07 12 07 23     3.0 10.60 999.00 29.80  27.6  2.50   3.10    99 99.00 99.00
2020 07 12 13 23     3.0 10.70 999.00 29.70  23.7  2.20   2.70    99 99.00 99.00
2020 07 12 19 22     3.0 11.10 999.00 29.50  31.9  2.90   4.00    99 99.00 99.00
2020 07 13 01 22     3.0 13.10 999.00 28.10  32.1  2.80   3.40    99 99.00 99.00
2020 07 13 13 23     3.0 12.40 999.00 28.80  24.7  2.20   3.60    99 99.00 99.00
2020 07 13 19 21     3.0 11.80 999.00 29.20  21.3  1.90   1.80    99 99.00 99.00
2020 07 14 01 22     3.0 13.40 999.00 28.10  32.5  2.80   2.20    99 99.00 99.00
2020 07 14 07 23     3.0 11.20 999.00 29.50  19.6  1.80   2.40    99 99.00 99.00
2020 07 14 13 23     3.0 13.70 999.00 27.90  27.0  2.40   1.90    99 99.00 99.00
2020 07 14 19 21     3.0 14.40 999.00 27.50  24.0  2.10   0.90    99 99.00 99.00
2020 07 15 01 22     3.0 11.50 999.00 29.40  30.1  2.70   0.90    99 99.00 99.00
2020 07 15 07 23     3.0 14.30 999.00 27.60  24.9  2.20   1.50    99 99.00 99.00
2020 07 15 13 23     3.0 12.60 999.00 28.70  22.3  2.00   1.20    99 99.00 99.00
2020 07 15 19 20     3.0 17.40 999.00 27.40  39.5  3.20   0.90    99 99.00 99.00
2020 07 16 01 21     3.0 17.80 999.00 27.20  57.4  4.60   0.50    99 99.00 99.00
2020 07 16 07 21     3.0 17.80 999.00 27.30  41.2  3.30   0.80    99 99.00 99.00
2020 07 16 13 21     3.0 18.30 999.00 26.90  38.0  3.00   0.80    99 99.00 99.00
2020 07 16 19 20     3.0 18.00 999.00 27.10  29.9  2.40   0.90    99 99.00 99.00
2020 07 17 07 21     3.0 18.30 999.00 26.90  51.1  4.10   1.30    99 99.00 99.00
2020 07 17 13 21     3.0 19.40 999.00 26.70  47.6  3.70   1.00    99 99.00 99.00
2020 07 17 19 21     3.0 18.40 999.00 26.80  27.0  2.20   1.00    99 99.00 99.00
2020 07 18 01 21     3.0 17.40 999.00 27.30  61.6  5.00   0.80    99 99.00 99.00
2020 07 18 07 21     3.0 18.50 999.00 27.30  40.9  3.30   1.30    99 99.00 99.00
2020 07 18 13 22     3.0 18.60 999.00 27.00  42.1  3.40   1.00    99 99.00 99.00
2020 07 19 01 21     3.0 18.80 999.00 27.10  50.6  4.00   0.60    99 99.00 99.00
2020 07 19 07 21     3.0 19.00 999.00 27.00  24.8  2.00   1.00    99 99.00 99.00
2020 07 19 13 22     3.0 19.40 999.00 27.00  29.8  2.30   0.80    99 99.00 99.00
2020 07 19 19 20     3.0 19.40 999.00 26.60  31.6  2.50   0.80    99 99.00 99.00
2020 07 20 13 21     3.0 19.80 999.00 26.70  19.0  1.50   0.80    99 99.00 99.00
2020 07 20 19 20     3.0 20.10 999.00 26.40  41.0  3.20   1.20    99 99.00 99.00
2020 07 21 01 22     3.0 12.80 999.00 28.60  27.1  2.40   1.10    99 99.00 99.00
2020 07 21 07 22     3.0 13.50 999.00 28.30  14.7  1.30   1.40    99 99.00 99.00
2020 07 21 19 21     3.0 12.80 999.00 28.60  23.7  2.10   1.10    99 99.00 99.00
2020 07 22 01 22     3.0 12.80 999.00 28.50  23.3  2.10   1.40    99 99.00 99.00
2020 07 22 13 23     3.0 11.40 999.00 29.50  13.7  1.20   1.80    99 99.00 99.00
2020 07 22 19 22     3.0 11.60 999.00 29.40  18.1  1.60   2.30    99 99.00 99.00
2020 07 23 01 22     3.0 11.60 999.00 29.30  14.2  1.30   3.60    99 99.00 99.00
2020 07 23 07 23     3.0 11.40 999.00 29.50  20.3  1.80   3.30    99 99.00 99.00
2020 07 23 13 23     3.0 11.20 999.00 29.60  13.8  1.30   2.80    99 99.00 99.00
2020 07 24 01 22     3.0 12.80 999.00 28.70  18.1  1.60   3.90    99 99.00 99.00
2020 07 24 07 23     3.0 12.40 999.00 29.00  21.6  1.90   4.60    99 99.00 99.00
2020 07 24 13 23     3.0 11.40 999.00 29.60  16.1  1.50   3.00    99 99.00 99.00
2020 07 24 19 21     3.0 13.40 999.00 28.40  20.0  1.80   2.60    99 99.00 99.00
2020 07 25 07 23     3.0 12.50 999.00 29.10  20.7  1.80   2.10    99 99.00 99.00
2020 07 25 13 23     3.0 12.20 999.00 29.30  17.6  1.60   1.40    99 99.00 99.00
2020 07 26 07 23     3.0 12.10 999.00 29.20  22.2  2.00   1.50    99 99.00 99.00
2020 07 26 13 23     3.0 12.30 999.00 29.00  18.1  1.60   1.10    99 99.00 99.00
2020 07 27 01 22     3.0 13.40 999.00 28.50  31.3  2.70   1.30    99 99.00 99.00
2020 07 27 13 23     3.0 15.50 999.00 27.20  18.3  1.60   1.30    99 99.00 99.00
2020 07 27 19 21     3.0 12.30 999.00 29.10  14.4  1.30   0.70    99 99.00 99.00
2020 07 28 07 23     3.0 14.20 999.00 27.70  24.0  2.10   1.40    99 99.00 99.00
2020 07 28 19 21     3.0 13.50 999.00 28.20  23.0  2.00   1.00    99 99.00 99.00
2020 07 29 01 22     3.0 14.40 999.00 27.70  28.1  2.40   1.50    99 99.00 99.00
2020 07 29 07 23     3.0 12.70 999.00 28.60  19.1  1.70   2.20    99 99.00 99.00
2020 07 29 13 23     3.0 11.90 999.00 29.20  16.8  1.50   2.00    99 99.00 99.00
2020 07 29 19 21     3.0 12.90 999.00 28.70  24.6  2.20   1.20    99 99.00 99.00
2020 07 30 01 22     3.0 14.10 999.00 27.80  34.2  3.00   1.60    99 99.00 99.00
2020 07 30 07 22     3.0 11.60 999.00 29.50  24.8  2.20   1.60    99 99.00 99.00
2020 07 30 13 23     3.0 13.20 999.00 28.60  29.0  2.50   1.70    99 99.00 99.00
2020 07 31 13 23     3.0 11.90 999.00 29.30  24.1  2.20   1.50    99 99.00 99.00
2020 08 01 07 23     3.0 11.10 999.00 29.60  24.9  2.30   2.70    99 99.00 99.00
2020 08 01 13 23     3.0 11.70 999.00 29.30  25.6  2.30   2.70    99 99.00 99.00
2020 08 02 13 23     3.0 12.10 999.00 29.10  20.8  1.90   2.50    99 99.00 99.00
2020 08 03 07 23     3.0 13.00 999.00 28.60  23.4  2.10   2.60    99 99.00 99.00
2020 08 03 13 23     3.0 14.30 999.00 27.80  22.9  2.00   2.00    99 99.00 99.00
2020 08 04 01 22     3.0 12.40 999.00 28.90  23.8  2.10   1.60    99 99.00 99.00
2020 08 04 07 23     3.0 12.70 999.00 28.80  19.4  1.70   1.60    99 99.00 99.00
2020 08 04 13 23     3.0 11.90 999.00 29.20  17.2  1.60   1.40    99 99.00 99.00
2020 08 04 19 21     3.0 12.80 999.00 28.80  20.5  1.80   1.10    99 99.00 99.00
2020 08 05 01 22     3.0 12.30 999.00 29.00  23.4  2.10   1.10    99 99.00 99.00
2020 08 05 07 23     3.0 11.60 999.00 29.50  16.5  1.50   1.10    99 99.00 99.00
2020 08 05 13 23     3.0 13.60 999.00 28.10  16.5  1.40   1.40    99 99.00 99.00
2020 08 05 19 21     3.0 11.80 999.00 29.30  18.6  1.70   0.80    99 99.00 99.00
2020 08 06 07 23     3.0 11.20 999.00 29.50  14.7  1.30   1.70    99 99.00 99.00
2020 08 06 13 23     3.0 12.50 999.00 28.80  19.1  1.70   2.00    99 99.00 99.00
2020 08 06 19 21     3.0 13.50 999.00 28.30  25.4  2.20   1.00    99 99.00 99.00
2020 08 12 20 04     3.0 19.50 999.00 26.60 102.3  8.00   1.20    99 99.00 99.00
2020 08 13 01 22     3.0 19.70 999.00 26.60 102.8  8.00   1.20    99 99.00 99.00
2020 08 13 07 23     3.0 19.70 999.00 26.70 101.6  7.90   1.60    99 99.00 99.00
2020 08 13 13 19     3.0 19.40 999.00 26.70  99.9  7.80   1.40    99 99.00 99.00
2020 08 13 19 34     3.0 19.40 999.00 26.70 100.9  7.90   1.10    99 99.00 99.00
2020 08 14 01 22     3.0 19.60 999.00 26.70 103.7  8.10   1.40    99 99.00 99.00
2020 08 14 07 22     3.0 19.80 999.00 26.80 101.2  7.90   1.50    99 99.00 99.00
2020 08 14 13 23     3.0 19.40 999.00 26.40  98.6  7.70   1.40    99 99.00 99.00
2020 08 14 19 21     3.0 19.50 999.00 26.10 101.9  8.00   1.10    99 99.00 99.00
2020 08 15 01 22     3.0 20.10 999.00 26.60 101.8  7.90   1.20    99 99.00 99.00
2020 08 15 07 22     3.0 19.90 999.00 27.00 101.6  7.90   1.50    99 99.00 99.00
2020 08 15 13 23     3.0 19.70 999.00 26.80  99.6  7.80   1.30    99 99.00 99.00
2020 08 15 19 21     3.0 19.80 999.00 26.80 100.3  7.80   1.00    99 99.00 99.00
2020 08 16 01 22     3.0 20.10 999.00 27.00 102.5  7.90   1.00    99 99.00 99.00
2020 08 16 07 22     3.0 20.10 999.00 27.00 101.6  7.90   1.10    99 99.00 99.00
2020 08 16 13 23     3.0 20.10 999.00 27.00 100.4  7.80   1.10    99 99.00 99.00
2020 08 16 19 21     3.0 20.20 999.00 26.80 101.2  7.80   0.80    99 99.00 99.00
2020 08 17 01 22     3.0 20.30 999.00 27.00 103.4  8.00   1.10    99 99.00 99.00
2020 08 17 07 22     3.0 20.90 999.00 26.30 100.1  7.70   1.40    99 99.00 99.00
2020 08 17 13 23     3.0 20.30 999.00 26.50  98.3  7.60   1.30    99 99.00 99.00
2020 08 18 01 22     3.0 21.00 999.00 26.30 103.4  7.90   1.50    99 99.00 99.00
2020 08 18 07 22     3.0 20.60 999.00 26.40  99.5  7.70   1.40    99 99.00 99.00
2020 08 18 13 23     3.0 20.30 999.00 26.40 103.5  8.00   1.80    99 99.00 99.00
2020 08 18 19 21     3.0 19.70 999.00 26.50 106.3  8.30   1.90    99 99.00 99.00
2020 08 19 01 22     3.0 17.60 999.00 27.80 114.0  9.20   2.40    99 99.00 99.00
2020 08 19 07 22     3.0 20.80 999.00 26.10 103.6  8.00   1.50    99 99.00 99.00
2020 08 19 13 23     3.0 20.70 999.00 26.10  99.3  7.60   1.20    99 99.00 99.00
2020 08 19 19 21     3.0 20.50 999.00 26.30 102.8  7.90   1.70    99 99.00 99.00
2020 08 20 01 22     3.0 20.70 999.00 26.40 106.7  8.20   2.00    99 99.00 99.00
2020 08 20 07 22     3.0 19.60 999.00 26.80 103.7  8.10   1.70    99 99.00 99.00
2020 08 20 13 23     3.0 18.40 999.00 27.20 101.2  8.10   1.60    99 99.00 99.00
2020 08 20 19 22     3.0 18.00 999.00 27.30 102.4  8.20   1.90    99 99.00 99.00
2020 08 21 07 22     3.0 18.60 999.00 27.00 104.5  8.30   2.20    99 99.00 99.00
2020 08 21 13 23     3.0 17.20 999.00 27.80 106.8  8.70   1.80    99 99.00 99.00
2020 08 21 19 22     3.0 16.70 999.00 28.00 106.6  8.80   3.60    99 99.00 99.00
2020 08 22 01 22     3.0 16.00 999.00 28.30 106.7  8.90   3.30    99 99.00 99.00
2020 08 22 07 23     3.0 14.30 999.00 28.90  98.1  8.40   3.40    99 99.00 99.00
2020 08 22 13 23     3.0 14.30 999.00 28.90  97.3  8.30   2.30    99 99.00 99.00
2020 08 23 07 23     3.0 15.50 999.00 28.60 100.5  8.40   2.40    99 99.00 99.00
2020 08 23 13 23     3.0 15.70 999.00 28.50  96.0  8.00   2.70    99 99.00 99.00
2020 08 23 19 21     3.0 15.90 999.00 28.40 100.0  8.30   2.70    99 99.00 99.00
2020 08 24 01 22     3.0 16.40 999.00 28.50 106.5  8.80   3.50    99 99.00 99.00
2020 08 24 07 19     3.0 17.00 999.00 28.40 103.9  8.50   3.90    99 99.00 99.00
2020 08 24 13 36     3.0 16.70 999.00 28.40 100.7  8.20   2.90    99 99.00 99.00
2020 08 24 19 21     3.0 16.80 999.00 28.40 104.3  8.50   2.40    99 99.00 99.00
2020 08 25 01 22     3.0 17.10 999.00 28.20 106.7  8.70   2.80    99 99.00 99.00
2020 08 25 07 23     3.0 17.00 999.00 28.50 106.7  8.70   2.90    99 99.00 99.00
2020 08 25 13 23     3.0 17.70 999.00 27.80 100.2  8.10   1.60    99 99.00 99.00
2020 08 25 19 21     3.0 17.30 999.00 28.00 103.4  8.40   1.50    99 99.00 99.00
2020 08 26 01 22     3.0 17.70 999.00 27.80 105.8  8.50   1.70    99 99.00 99.00
2020 08 26 07 22     3.0 18.00 999.00 28.20 104.9  8.40   2.00    99 99.00 99.00
2020 08 26 19 21     3.0 17.80 999.00 27.70 104.6  8.40   1.20    99 99.00 99.00
2020 08 27 07 36     3.0 18.50 999.00 27.70 103.3  8.20   1.30    99 99.00 99.00
2020 08 27 13 23     3.0 18.70 999.00 27.60  98.8  7.80   1.00    99 99.00 99.00
2020 08 27 19 21     3.0 18.70 999.00 27.50  98.4  7.80   0.80    99 99.00 99.00
2020 08 28 01 22     3.0 17.90 999.00 27.70 104.2  8.40   1.20    99 99.00 99.00
2020 08 28 07 22     3.0 18.70 999.00 27.70 103.6  8.20   1.10    99 99.00 99.00
2020 08 28 19 21     3.0 18.70 999.00 27.30 101.7  8.10   0.90    99 99.00 99.00
2020 08 29 01 22     3.0 19.00 999.00 27.90 106.4  8.40   1.10    99 99.00 99.00
2020 08 29 13 23     3.0 19.00 999.00 27.30  97.5  7.70   0.80    99 99.00 99.00
2020 08 29 19 22     3.0 19.30 999.00 26.90  97.9  7.70   1.20    99 99.00 99.00
2020 08 30 01 22     3.0 19.30 999.00 27.30  99.5  7.80   1.30    99 99.00 99.00
2020 08 30 07 23     3.0 18.90 999.00 27.50  97.2  7.70   1.30    99 99.00 99.00
2020 08 30 13 23     3.0 19.10 999.00 27.50  95.7  7.50   1.00    99 99.00 99.00
2020 08 31 01 22     3.0 18.80 999.00 27.40 103.5  8.20   1.20    99 99.00 99.00
2020 08 31 07 23     3.0 18.50 999.00 27.50  99.1  7.90   1.20    99 99.00 99.00
2020 08 31 13 23     3.0 18.50 999.00 27.40  96.6  7.70   0.90    99 99.00 99.00
2020 08 31 19 22     3.0 18.30 999.00 27.20  97.3  7.80   1.70    99 99.00 99.00
2020 09 01 01 22     3.0 18.60 999.00 27.30 100.5  8.00   1.80    99 99.00 99.00
2020 09 01 07 23     3.0 18.50 999.00 27.40  99.0  7.90   1.90    99 99.00 99.00
2020 09 01 13 23     3.0 18.50 999.00 27.40  98.2  7.80   1.80    99 99.00 99.00
2020 09 01 19 21     3.0 18.20 999.00 26.90  99.5  8.00   1.10    99 99.00 99.00
2020 09 02 01 22     3.0 19.00 999.00 26.90 103.0  8.10   1.40    99 99.00 99.00
2020 09 02 07 18     3.0 18.90 999.00 27.20  99.8  7.90   1.30    99 99.00 99.00
2020 09 02 13 36     3.0 18.70 999.00 27.10  96.9  7.70   1.20    99 99.00 99.00
2020 09 03 01 22     3.0 19.30 999.00 27.20 101.0  7.90   1.40    99 99.00 99.00
2020 09 03 19 21     3.0 19.20 999.00 27.60  95.5  7.50   0.70    99 99.00 99.00
2020 09 04 01 22     3.0 19.30 999.00 27.80  98.7  7.70   1.10    99 99.00 99.00
2020 09 04 07 22     3.0 19.40 999.00 27.80  97.3  7.60   1.00    99 99.00 99.00
2020 09 04 13 23     3.0 19.00 999.00 27.60  95.7  7.50   1.10    99 99.00 99.00
2020 09 04 19 22     3.0 19.30 999.00 27.00  99.2  7.80   1.00    99 99.00 99.00
2020 09 05 01 22     3.0 19.60 999.00 27.20  99.8  7.80   1.30    99 99.00 99.00
2020 09 05 07 23     3.0 19.40 999.00 26.90  97.4  7.60   1.40    99 99.00 99.00
2020 09 05 13 23     3.0 19.00 999.00 27.00  95.7  7.60   1.70    99 99.00 99.00
2020 09 06 07 36     3.0 19.40 999.00 27.10  98.4  7.70   1.80    99 99.00 99.00
2020 09 06 13 23     3.0 19.30 999.00 27.00  96.1  7.60   1.60    99 99.00 99.00
2020 09 07 07 19    21.0 10.40 999.00 29.80  22.7  2.10 999.00    99 99.00 99.00
2020 09 07 13 23     3.0 19.40 999.00 27.30  96.2  7.50   1.50    99 99.00 99.00
2020 09 08 01 22     3.0 17.80 999.00 28.20  97.8  7.80   1.40    99 99.00 99.00
2020 09 08 07 23     3.0 17.90 999.00 28.40  96.4  7.70   1.50    99 99.00 99.00
2020 09 08 13 23     3.0 18.80 999.00 27.00  95.2  7.50   1.80    99 99.00 99.00
2020 09 09 01 22     3.0 18.20 999.00 27.80  98.4  7.90   2.20    99 99.00 99.00
2020 09 09 07 23     3.0 18.20 999.00 27.70  95.8  7.70   2.20    99 99.00 99.00
2020 09 09 13 23     3.0 18.50 999.00 27.10  93.6  7.50   2.00    99 99.00 99.00
2020 09 09 19 22     3.0 18.40 999.00 27.20  94.2  7.50   1.50    99 99.00 99.00
2020 09 10 01 22     3.0 18.60 999.00 27.30  96.4  7.70   1.90    99 99.00 99.00
2020 09 10 07 23     3.0 18.50 999.00 27.30  94.3  7.50   2.00    99 99.00 99.00
2020 09 10 13 23     3.0 18.40 999.00 27.10  93.0  7.40   2.00    99 99.00 99.00
2020 09 10 21 37     3.0 18.80 999.00 27.10  96.0  7.60   1.40    99 99.00 99.00
2020 09 11 01 22     3.0 19.00 999.00 27.10  98.7  7.80   1.90    99 99.00 99.00
2020 09 11 07 23     3.0 18.90 999.00 26.80  95.6  7.60   1.70    99 99.00 99.00
2020 09 11 19 22     3.0 18.50 999.00 27.30  96.6  7.70   1.50    99 99.00 99.00
2020 09 12 01 23     3.0 19.20 999.00 25.40  95.7  7.60   1.70    99 99.00 99.00
2020 09 12 07 23     3.0 18.50 999.00 26.30  95.6  7.70   1.90    99 99.00 99.00
2020 09 12 13 23     3.0 17.60 999.00 26.80  93.2  7.60   2.40    99 99.00 99.00
2020 09 13 01 23     3.0 15.90 999.00 28.30  89.7  7.50   4.70    99 99.00 99.00
2020 09 13 13 23     3.0 17.50 999.00 26.90  92.0  7.50   1.90    99 99.00 99.00
2020 09 14 07 23     3.0 16.50 999.00 28.00  91.8  7.60   2.40    99 99.00 99.00
2020 09 14 19 23     3.0 15.90 999.00 28.30  87.9  7.30   2.20    99 99.00 99.00
2020 09 15 07 23     3.0 17.30 999.00 26.50  91.5  7.50   1.70    99 99.00 99.00
2020 09 15 19 22     3.0 17.00 999.00 27.20  91.6  7.50   1.40    99 99.00 99.00
2020 09 16 07 23     3.0 17.20 999.00 27.40  93.2  7.60   1.90    99 99.00 99.00
2020 09 16 19 22     3.0 17.10 999.00 26.40  91.1  7.50   1.60    99 99.00 99.00
2020 09 17 07 23     3.0 16.60 999.00 27.60  91.4  7.50   2.40    99 99.00 99.00
2020 09 17 19 22     3.0 17.00 999.00 27.00  91.8  7.50   2.10    99 99.00 99.00
2020 09 18 07 23     3.0 17.50 999.00 26.60  92.1  7.50   3.00    99 99.00 99.00
2020 09 18 19 23     3.0 17.60 999.00 25.90  91.5  7.50   1.80    99 99.00 99.00
2020 09 19 07 23     3.0 17.40 999.00 24.80  91.2  7.50   2.40    99 99.00 99.00
2020 09 19 19 22     3.0 17.00 999.00 26.20  91.5  7.60   1.90    99 99.00 99.00
2020 09 20 07 23     3.0 17.60 999.00 24.90  91.5  7.50   2.00    99 99.00 99.00
2020 09 20 19 22     3.0 17.60 999.00 24.60  90.8  7.50   1.30    99 99.00 99.00
2020 09 21 07 23     3.0 17.10 999.00 26.40  95.2  7.80   2.60    99 99.00 99.00
2020 09 21 19 22     3.0 15.80 999.00 26.70  96.4  8.10   3.80    99 99.00 99.00
2020 09 22 07 23     3.0 15.80 999.00 26.70  95.3  8.00   3.90    99 99.00 99.00
2020 09 22 19 22     3.0 15.00 999.00 28.00  93.9  8.00   2.20    99 99.00 99.00
2020 09 23 07 23     3.0 14.30 999.00 28.90  90.4  7.70   7.20    99 99.00 99.00
2020 09 23 19 23     3.0 14.00 999.00 29.30  89.3  7.70   6.00    99 99.00 99.00
2020 09 24 07 23     3.0 13.40 999.00 27.60  67.4  5.90   4.30    99 99.00 99.00
2020 09 24 19 23     3.0 11.70 999.00 28.90  42.6  3.90   1.20    99 99.00 99.00
2020 09 25 07 23     3.0 12.00 999.00 28.60  46.4  4.20   2.40    99 99.00 99.00
2020 09 25 19 22     3.0 12.40 999.00 27.70  50.9  4.60   4.10    99 99.00 99.00
2020 09 26 07 23     3.0 10.90 999.00 29.10  36.1  3.30   1.90    99 99.00 99.00
2020 09 26 19 23     3.0 11.10 999.00 27.70  38.1  3.50   1.10    99 99.00 99.00
2020 09 27 07 23     3.0 11.20 999.00 28.60  40.3  3.70   4.00    99 99.00 99.00
2020 09 27 19 22     3.0 11.20 999.00 28.30  46.6  4.30   3.00    99 99.00 99.00
2020 09 28 07 23     3.0 12.70 999.00 25.50  95.4  8.60  11.80    99 99.00 99.00
2020 09 28 19 22     3.0 12.00 999.00 26.70  85.9  7.80  10.50    99 99.00 99.00
2020 09 29 07 23     3.0 12.80 999.00 27.10 108.9  9.70  16.80    99 99.00 99.00
2020 09 29 19 22     3.0 13.30 999.00 26.80 130.5 11.60  20.30    99 99.00 99.00
2020 09 30 07 23     3.0 14.60 999.00 27.00 139.1 12.00  16.60    99 99.00 99.00
2020 09 30 19 22     3.0 14.40 999.00 26.00 161.4 14.00  14.00    99 99.00 99.00
2020 10 01 07 23     3.0 14.60 999.00 25.20 170.1 14.80   6.10    99 99.00 99.00
2020 10 01 19 22     3.0 13.80 999.00 26.00 156.0 13.70   5.80    99 99.00 99.00
2020 10 02 07 23     3.0 13.80 999.00 26.40 149.6 13.20   4.60    99 99.00 99.00
2020 10 02 19 22     3.0 14.30 999.00 26.00 136.3 11.90   1.60    99 99.00 99.00
2020 10 03 07 23     3.0 14.20 999.00 26.10 135.2 11.80   2.10    99 99.00 99.00
2020 10 03 19 23     3.0 13.50 999.00 26.90 128.6 11.30   1.60    99 99.00 99.00
2020 10 04 07 23     3.0 14.50 999.00 25.70 122.7 10.70   0.90    99 99.00 99.00
2020 10 04 19 23     3.0 13.30 999.00 27.30 116.5 10.30   0.50    99 99.00 99.00
2020 10 05 07 23     3.0 14.30 999.00 26.10 102.4  8.90   0.80    99 99.00 99.00
2020 10 05 19 22     3.0 13.50 999.00 27.10 101.6  8.90 999.00    99 99.00 99.00
2020 10 06 07 23     3.0 14.80 999.00 25.10  99.8  8.70 999.00    99 99.00 99.00
2020 10 06 19 22     3.0 15.00 999.00 24.60  95.9  8.30 999.00    99 99.00 99.00
2020 10 07 07 23     3.0 15.30 999.00 24.30  99.3  8.60 999.00    99 99.00 99.00
2020 10 07 19 23     3.0 13.70 999.00 26.70  84.9  7.50 999.00    99 99.00 99.00
2020 10 08 07 23     3.0 14.80 999.00 24.90  92.9  8.10 999.00    99 99.00 99.00
2020 10 08 19 22     3.0 12.10 999.00 28.50  50.9  4.60 999.00    99 99.00 99.00
2020 10 09 07 23     3.0 13.30 999.00 26.30  69.8  6.20   0.50    99 99.00 99.00
2020 10 09 19 22     3.0 13.20 999.00 26.10  68.5  6.10   0.60    99 99.00 99.00
2020 10 10 07 23     3.0 12.00 999.00 27.80  54.9  5.00   3.00    99 99.00 99.00
2020 10 10 19 21     3.0 11.50 999.00 28.30  46.4  4.20   0.90    99 99.00 99.00
2020 10 11 07 23     3.0 10.60 999.00 29.00  38.2  3.50   0.90    99 99.00 99.00
2020 10 11 19 23     3.0 10.50 999.00 29.40  26.7  2.50   1.20    99 99.00 99.00
2020 10 12 07 23     3.0 10.80 999.00 28.30  37.2  3.40   2.00    99 99.00 99.00
2020 10 12 19 22     3.0 10.40 999.00 29.10  28.4  2.60   0.70    99 99.00 99.00
2020 10 13 07 23     3.0 10.90 999.00 28.20  39.3  3.60   0.60    99 99.00 99.00
2020 10 13 19 22     3.0 11.60 999.00 26.70  56.6  5.20   1.40    99 99.00 99.00
2020 10 14 07 23     3.0 10.60 999.00 29.00  41.4  3.80   0.90    99 99.00 99.00
2020 10 14 19 21     3.0 10.70 999.00 28.30  38.6  3.60   0.80    99 99.00 99.00
2020 10 15 07 23     3.0 11.00 999.00 26.20  59.0  5.50   0.90    99 99.00 99.00
2020 10 15 19 22     3.0 10.90 999.00 26.90  57.5  5.40   1.00    99 99.00 99.00
2020 10 16 07 23     3.0 11.20 999.00 27.10  59.4  5.50   1.40    99 99.00 99.00
2020 10 16 19 22     3.0 11.20 999.00 26.80  59.6  5.50   1.60    99 99.00 99.00
2020 10 17 07 23     3.0 10.70 999.00 28.60  42.4  3.90   1.50    99 99.00 99.00
2020 10 17 19 23     3.0 11.10 999.00 27.50  51.2  4.70   3.50    99 99.00 99.00
2020 10 18 07 23     3.0 11.30 999.00 26.90  63.6  5.90   4.20    99 99.00 99.00
2020 10 18 19 22     3.0 11.10 999.00 26.60  59.9  5.60   3.90    99 99.00 99.00
2020 10 19 19 22     3.0 11.50 999.00 27.00  73.3  6.70   4.80    99 99.00 99.00
2020 10 20 07 23     3.0 11.70 999.00 27.00  85.7  7.80   8.00    99 99.00 99.00
2020 10 20 19 22     3.0 11.50 999.00 27.40  75.1  6.90   2.90    99 99.00 99.00
2020 10 21 07 23     3.0 11.80 999.00 26.00 100.5  9.20  10.40    99 99.00 99.00
2020 10 21 19 21     3.0 11.60 999.00 27.40  75.6  6.90   2.50    99 99.00 99.00
2020 10 22 07 23     3.0 12.20 999.00 25.80 136.5 12.50   6.70    99 99.00 99.00
2020 10 22 19 21     3.0 11.70 999.00 26.70  91.1  8.40  15.30    99 99.00 99.00
2020 10 23 07 23     3.0 11.80 999.00 26.80 104.5  9.50   4.00    99 99.00 99.00
2020 10 23 19 23     3.0 11.80 999.00 25.70 105.6  9.70   6.10    99 99.00 99.00
2020 10 24 07 23     3.0 11.10 999.00 28.40  53.2  4.90   7.70    99 99.00 99.00
2020 10 24 19 22     3.0 11.00 999.00 28.60  56.9  5.20   8.70    99 99.00 99.00
2020 10 25 07 23     3.0 10.80 999.00 27.70  77.3  7.20   2.80    99 99.00 99.00
2020 10 25 19 21     3.0 10.50 999.00 26.80  82.0  7.70   2.80    99 99.00 99.00
2020 10 26 07 23     3.0 10.10 999.00 25.80  90.2  8.60   3.60    99 99.00 99.00
2020 10 26 19 22     3.0 11.00 999.00 26.60  86.9  8.10   3.50    99 99.00 99.00
2020 10 27 07 23     3.0 11.00 999.00 27.10  83.1  7.70   3.60    99 99.00 99.00
2020 10 27 19 23     3.0 11.00 999.00 27.40  76.7  7.10   3.70    99 99.00 99.00
2020 10 28 07 23     3.0 10.90 999.00 27.80  77.5  7.20   5.00    99 99.00 99.00
2020 10 28 19 23     3.0 10.80 999.00 28.00  73.0  6.80  16.10    99 99.00 99.00
2020 10 29 07 23     3.0 10.90 999.00 28.00  84.1  7.80   8.00    99 99.00 99.00
2020 10 29 19 23     3.0 10.80 999.00 27.70  86.7  8.10  24.80    99 99.00 99.00
2020 10 30 07 23     3.0 10.90 999.00 28.00  84.4  7.80   6.30    99 99.00 99.00
2020 10 30 19 22     3.0 11.10 999.00 28.70  64.3  5.90   2.90    99 99.00 99.00
2020 10 31 07 23     3.0 11.10 999.00 29.00  56.7  5.20   2.30    99 99.00 99.00
2020 10 31 19 22     3.0 10.90 999.00 28.50  62.6  5.80   3.00    99 99.00 99.00
2020 11 01 07 23     3.0 10.50 999.00 27.70  83.6  7.80   8.10    99 99.00 99.00
2020 11 01 21 22     3.0 10.30 999.00 27.50 102.0  9.60  11.30    99 99.00 99.00
2020 11 02 08 23     3.0 10.80 999.00 27.40 113.4 10.60  11.00    99 99.00 99.00
2020 11 02 20 21     3.0 10.80 999.00 27.80 102.1  9.50  20.70    99 99.00 99.00
2020 11 03 08 23     3.0 10.90 999.00 27.00 114.8 10.70  10.50    99 99.00 99.00
2020 11 03 20 23     3.0 10.90 999.00 27.60  92.3  8.60   9.70    99 99.00 99.00
2020 11 04 08 23     3.0 10.90 999.00 28.00  72.7  6.70   7.30    99 99.00 99.00
2020 11 05 20 24     3.0 10.50 999.00 29.40  36.1  3.30   1.10    99 99.00 99.00
2020 11 06 08 24     3.0 10.30 999.00 29.40  35.5  3.30   1.10    99 99.00 99.00
2020 11 06 20 22     3.0 10.60 999.00 28.90  53.6  5.00   1.40    99 99.00 99.00
2020 11 07 08 23     3.0 10.70 999.00 27.40  61.9  5.80   2.10    99 99.00 99.00
2020 11 08 08 23     3.0 10.80 999.00 29.00  56.7  5.20   0.60    99 99.00 99.00
2020 11 08 20 21     3.0 10.80 999.00 28.90  53.2  4.90   0.80    99 99.00 99.00
2020 11 09 08 23     3.0 10.00 999.00 27.10  61.6  5.80 999.00    99 99.00 99.00
2020 11 10 09 00     3.0 10.20 999.00 27.80  61.3  5.80   0.50    99 99.00 99.00
2020 11 10 20 22     3.0 10.70 999.00 29.00  58.3  5.40   0.60    99 99.00 99.00
2020 11 11 08 23     3.0 10.60 999.00 28.90  59.8  5.50   0.50    99 99.00 99.00
2020 11 11 20 23     3.0 10.30 999.00 27.90  63.7  6.00   1.40    99 99.00 99.00
2020 11 12 08 23     3.0 10.30 999.00 27.80  64.2  6.00   1.60    99 99.00 99.00
2020 11 12 20 23     3.0 10.40 999.00 28.00  62.3  5.80   1.00    99 99.00 99.00
2020 11 13 20 22     3.0 10.10 999.00 26.80  67.7  6.40   1.10    99 99.00 99.00
2020 11 14 20 23     3.0 10.40 999.00 29.10  46.9  4.40   0.60    99 99.00 99.00
2020 11 15 20 22     3.0 10.00 999.00 27.10  56.9  5.40   1.00    99 99.00 99.00
2020 11 16 20 23     3.0 10.10 999.00 27.70  53.4  5.00   0.80    99 99.00 99.00
2020 11 17 20 24     3.0 10.10 999.00 27.80  53.1  5.00   0.60    99 99.00 99.00
2020 11 18 20 24     3.0 10.50 999.00 29.50  35.4  3.30 999.00    99 99.00 99.00
2020 11 19 20 23     3.0 10.10 999.00 27.80  44.7  4.20 999.00    99 99.00 99.00
2020 11 20 20 24     3.0 10.10 999.00 27.80  46.8  4.40 999.00    99 99.00 99.00
2020 11 21 20 22     3.0 10.40 999.00 28.80  49.2  4.60 999.00    99 99.00 99.00
2020 11 22 20 23     3.0 10.10 999.00 26.80  61.8  5.90   0.60    99 99.00 99.00
2020 11 23 23 07     3.0 10.40 999.00 28.80  54.0  5.00   0.60    99 99.00 99.00
2020 11 24 20 24     3.0 10.40 999.00 28.90  42.5  4.00   0.80    99 99.00 99.00
2020 11 25 20 22     3.0 10.20 999.00 29.00  55.4  5.20   0.50    99 99.00 99.00
2020 11 26 20 21     3.0  9.80 999.00 26.80  66.4  6.40   0.60    99 99.00 99.00
2020 11 27 20 22     3.0  9.80 999.00 26.20  66.8  6.40   0.70    99 99.00 99.00
2020 11 28 20 23     3.0 10.50 999.00 29.40  50.5  4.70   1.50    99 99.00 99.00
